val_accuracy=0.7146464586257935
val_loss=1.2368196249008179
