val_accuracy=0.7247474789619446
val_loss=1.2826348543167114
