val_accuracy=0.8005050420761108
val_loss=0.7341187596321106
